0,1.425,100
1,0.600,100
2,0.710,37000
3,0.677,25800
4,0.694,25800
5,0.712,25800
6,0.717,25800
7,0.733,25800
8,0.707,25800
9,0.702,25800
10,0.712,25800
11,0.699,25800
12,0.741,25800
13,1.098,53300
14,1.004,57300
15,0.992,51200
16,0.987,38300
17,1.019,26100
18,1.086,18800
19,1.092,18700
20,1.158,19300
21,1.299,19800
22,1.427,34600
23,1.499,35600
24,1.513,29400
25,1.435,22500
26,1.519,20900
27,1.083,21000
28,1.139,20000
29,1.900,18900
30,1.578,20600
31,1.798,19500
32,1.429,17900
33,1.411,17300
34,1.464,17300
35,1.491,17300
36,1.573,21900
37,1.532,26900
38,1.536,25200
39,1.524,23200
40,1.663,19800
41,1.552,22300
42,1.505,24700
43,1.509,22200
44,1.627,22200
45,1.624,26900
46,1.653,22800
47,1.599,21400
48,1.587,20900
49,1.615,21600
50,1.623,19400
51,1.629,17500
52,1.656,17300
53,1.607,16800
54,1.620,16400
55,1.608,16100
56,1.624,16100
57,1.602,15900
58,1.577,15900
59,1.669,15900
60,1.583,15900
61,1.584,17300
62,1.623,16000
63,1.573,15900
64,1.627,17000
65,1.701,17800
66,1.753,20500
67,1.855,23300
68,1.919,19000
69,2.058,16700
70,2.087,29100
71,2.049,22300
72,2.080,20400
73,2.078,19900
74,2.071,19600
75,2.061,27700
76,2.053,26700
77,2.053,26900
78,2.073,24800
79,2.136,24300
80,2.218,22900
81,2.283,21800
82,2.446,36000
83,2.334,24500
84,2.376,23700
85,2.359,23700
86,2.412,23500
87,2.314,23500
88,2.327,23500
89,2.405,23500
90,2.369,25100
91,2.387,22300
92,2.359,22300
93,2.349,22300
94,2.348,22300
95,2.422,22300
96,2.365,22300
97,2.380,22300
98,2.367,22300
99,2.364,22300
100,2.380,22300
101,2.395,22200
102,2.371,22200
103,2.427,22200
104,2.400,22200
105,2.462,22200
106,2.747,45900
107,2.801,41600
108,3.037,38500
109,3.076,46200
110,3.018,37500
111,3.034,46900
112,2.961,38800
113,2.858,28900
114,2.837,26900
115,2.851,23300
116,2.855,22600
117,2.892,22500
118,2.923,22500
119,2.869,23200
120,2.925,29600
121,2.915,26600
122,2.874,23400
123,2.897,22800
124,2.879,22800
125,2.879,22800
126,3.015,22800
127,3.019,22800
128,3.063,22800
129,2.931,22800
130,2.923,22800
131,2.907,22800
132,2.932,22800
133,2.960,22800
134,2.922,22800
135,2.970,22800
136,2.938,22800
137,2.922,22900
138,2.942,22800
139,2.919,24900
140,2.961,28800
141,2.951,26000
142,2.921,32700
143,2.972,34100
144,2.891,28100
145,2.917,29300
146,2.937,28400
147,2.918,27900
148,2.870,31500
149,2.915,22100
150,2.874,19400
151,2.874,19100
152,2.870,19100
153,2.805,18800
154,2.862,18700
155,2.840,18700
156,2.862,18700
157,2.828,18600
158,2.839,18600
159,2.808,18600
160,2.887,18600
161,2.929,19300
162,2.880,18500
163,2.866,18300
164,2.865,18300
165,2.878,18300
166,2.852,18300
167,2.813,18300
168,2.803,18300
169,2.856,18300
170,2.851,18300
171,2.860,18300
172,2.880,18300
173,2.891,18300
174,2.889,18300
175,2.895,18300
176,2.908,18300
177,2.913,18300
178,2.845,18300
179,2.864,18300
180,2.871,18300
181,2.864,18300
182,2.879,18300
183,2.863,18300
184,2.912,18200
185,2.898,18200
186,2.890,18200
187,2.927,18200
188,2.918,18200
189,2.922,18100
190,2.945,18100
191,2.925,18100
192,2.919,18100
193,2.915,18100
194,2.906,18100
195,2.900,18100
196,2.935,18100
197,2.917,18100
198,2.931,18100
199,2.995,18100
200,2.991,19800
201,2.939,17400
202,2.927,17300
203,2.948,17300
204,2.963,17300
205,2.921,17800
206,2.906,17600
207,2.921,18500
208,2.918,17600
209,3.119,29300
210,3.021,25200
211,2.988,14900
212,3.043,14100
213,2.994,14100
214,3.041,15200
215,3.007,14000
216,3.005,13900
217,3.008,13900
218,2.968,14000
219,3.005,13700
220,3.044,13700
221,2.996,13700
222,3.021,13700
223,3.046,13700
224,3.100,13700
225,3.038,13700
226,3.090,13700
227,3.057,13700
228,3.086,13700
229,3.101,13700
230,3.091,13700
231,3.051,13700
232,3.038,13900
233,3.081,14100
234,3.027,14900
235,3.065,28100
236,3.053,25800
237,3.033,21400
238,3.003,19200
239,3.011,17200
240,2.959,17800
241,3.037,20200
242,2.983,19900
243,2.985,15400
244,3.047,18300
245,2.960,16400
246,3.000,14500
247,3.005,14200
248,2.947,14200
249,2.956,13900
250,2.983,13900
251,3.026,13900
252,3.011,13900
253,2.972,13900
254,2.975,13900
255,3.101,48100
256,3.001,27000
257,3.024,24100
258,2.919,21400
259,2.893,21800
260,2.937,15000
261,2.912,14900
262,2.889,14900
263,2.916,15700
264,2.890,15400
265,2.901,22500
266,2.928,27200
267,2.919,24500
268,2.897,25200
269,2.847,15900
270,2.868,19400
271,2.855,17200
272,2.902,19900
273,2.815,16500
274,2.853,13000
275,2.888,25400
276,2.893,25900
277,2.831,28700
278,2.725,16600
279,2.757,14500
280,2.735,15200
281,2.763,13500
282,2.782,17200
283,2.747,13000
284,2.761,15200
285,2.757,13300
286,2.744,13100
287,2.774,13100
288,2.659,15100
289,2.616,14500
290,2.628,13300
291,2.597,17900
292,2.026,15600
293,1.503,12800
294,1.474,11400
295,1.503,11400
296,1.478,10500
297,1.513,10500
298,1.523,10500
299,1.510,10500
300,1.533,10500
301,1.518,10500
302,1.498,10500
303,1.507,10500
304,1.530,10500
305,1.477,10500
306,1.465,10500
307,1.528,10500
308,1.534,10500
309,1.479,10500
310,1.478,10500
311,1.500,10500
312,1.517,10500
313,1.355,10500
314,1.402,10500
315,1.328,10500
316,1.410,10500
317,1.384,10500
318,1.351,10500
319,1.390,10500
320,1.347,10500
321,1.377,10500
322,1.355,10500
323,1.369,10500
324,1.341,10500
325,1.379,10500
326,1.346,10500
327,1.405,10500
328,1.376,10500
329,1.370,10500
330,1.341,10500
331,1.340,10500
332,1.436,10500
333,1.405,10500
334,1.379,10500
335,1.346,10500
336,1.368,10500
337,1.402,10500
338,1.366,10500
339,1.380,10500
340,1.379,10500
341,1.351,10500
342,1.348,10500
343,1.379,10500
344,1.422,10500
345,1.363,10500
346,1.386,10500
347,1.395,10500
348,1.346,10500
349,1.374,10500
350,1.370,10500
351,1.376,10500
352,1.364,10500
353,1.389,10500
354,1.385,10500
355,1.361,10500
356,1.359,10500
357,1.391,10500
358,1.405,10500
359,1.394,10500
360,1.384,10500
361,1.381,10500
362,1.377,10500
363,1.397,10500
364,1.390,10500
365,1.376,10500
366,1.341,10500
367,1.370,10500
368,1.364,10500
369,1.361,10500
370,1.412,10500
371,1.373,10500
372,1.353,10500
373,1.359,10500
374,1.387,10500
375,1.395,10500
376,1.391,10500
377,1.353,10500
378,1.378,10500
379,1.424,10500
380,1.391,10500
381,1.365,10500
382,1.384,10500
383,1.389,10500
384,1.384,10500
385,1.357,10500
386,1.417,10500
387,1.386,10500
388,1.371,10500
389,1.381,10500
390,1.368,10500
391,1.392,10500
392,1.358,10500
393,1.393,10500
394,1.367,10500
395,1.379,10500
396,1.374,10500
397,1.354,10500
398,1.365,10500
399,1.354,10500
400,1.378,10500
401,1.372,10500
402,1.413,10500
403,1.420,10500
404,1.388,10500
405,1.369,10500
406,1.424,10500
407,1.369,10500
408,1.367,10500
409,1.383,10500
410,1.407,10500
411,1.398,10500
412,1.394,10500
413,1.344,10500
414,1.353,10500
415,1.398,10500
416,1.366,10500
417,1.400,10500
418,1.379,10500
419,1.361,10500
420,1.357,10500
421,1.402,10500
422,1.423,10500
423,1.359,10500
424,1.372,10500
425,1.352,10500
426,1.361,10500
427,1.369,10500
428,1.395,10500
429,1.337,10500
430,1.346,10500
431,1.362,10500
432,1.380,10500
433,1.420,10500
434,1.387,10500
435,1.362,10500
436,1.344,10500
437,1.379,10500
438,1.379,10500
439,1.416,10500
440,1.448,10500
441,1.361,10500
442,1.420,10500
443,1.381,10500
444,1.358,10500
445,1.383,10500
446,1.352,10500
447,1.381,10500
448,1.383,10500
449,1.429,10500
450,1.354,10500
451,1.390,10500
452,1.367,10500
453,1.433,10500
454,1.360,10500
455,1.408,10500
456,1.407,10500
457,1.363,10500
458,1.375,10500
459,1.358,10500
460,1.417,10500
461,1.379,10500
462,1.376,10500
463,1.366,10500
464,1.358,10500
465,1.390,10500
466,1.372,10500
467,1.377,10500
468,1.350,10500
469,1.392,10500
470,1.376,10500
471,1.388,10500
472,1.364,10500
473,1.391,10500
474,1.419,10500
475,1.380,10500
476,1.391,10500
477,1.368,10500
478,1.354,10500
479,2.048,10500
480,1.365,10500
481,1.405,10500
482,1.397,10500
483,1.350,10500
484,1.436,10500
485,1.366,10500
486,1.422,10500
487,1.373,10500
488,1.415,10500
489,1.365,10500
490,1.391,10500
491,1.375,10500
492,1.401,10500
493,1.363,10500
494,1.347,10500
495,1.413,10500
496,1.377,10500
497,1.438,10500
498,1.358,10500
499,1.352,10500
500,1.394,10500
501,1.402,10500
502,1.388,10500
503,1.355,10500
504,1.394,10500
505,1.374,10500
506,1.376,10500
507,1.396,10500
508,1.362,10500
509,1.366,10500
510,1.374,10500
511,1.404,10500
512,1.385,10500
513,1.443,10500
514,1.383,10500
515,1.356,10500
516,1.392,10500
517,1.375,10500
518,1.393,10500
519,1.379,10500
520,1.359,10500
521,1.420,10500
522,1.414,10500
523,1.398,10500
524,1.347,10500
525,1.358,10500
526,1.405,10500
527,1.371,10500
528,1.373,10500
529,1.392,10500
530,1.387,10500
531,1.369,10500
532,1.398,10500
533,1.376,10500
534,1.358,10500
535,1.368,10500
536,1.377,10500
537,1.378,10500
538,1.400,10500
539,1.408,10500
540,1.402,10500
541,1.341,10500
542,1.394,10500
543,1.404,10500
544,1.390,10500
545,1.328,10500
546,1.358,10500
547,1.404,10500
548,1.409,10500
549,1.379,10500
550,1.355,10500
551,1.384,10500
552,1.367,10500
553,1.402,10500
554,1.384,10500
555,1.380,10500
556,1.369,10500
557,1.374,10500
558,1.368,10500
559,1.372,10500
560,1.430,10500
561,1.373,10500
562,1.351,10500
563,1.381,10500
564,1.395,10500
565,1.353,10500
566,1.370,10500
567,1.355,10500
568,1.353,10500
569,1.387,10500
570,1.391,10500
571,1.391,10500
572,1.367,10500
573,1.400,10500
574,1.367,10500
575,1.374,10500
576,1.395,10500
577,1.364,10500
578,1.385,10500
579,1.401,10500
580,1.400,10500
581,1.422,10500
582,1.345,10500
583,1.339,10500
584,1.372,10500
585,1.428,10500
586,1.424,10500
587,1.347,10500
588,1.367,10500
589,1.364,10500
590,1.389,10500
591,1.389,10500
592,1.383,10500
593,1.408,10500
594,2.044,10500
595,1.357,10500
596,1.371,10500
597,1.389,10500
598,1.369,10500
599,1.386,10500
600,1.393,10500
601,1.417,10500
602,1.368,10500
603,1.399,10500
604,1.382,10500
605,1.405,10500
606,1.371,10500
607,1.386,10500
608,1.353,10500
609,1.391,10500
610,1.403,10500
611,1.392,10500
612,1.407,10500
613,1.376,10500
614,1.358,10500
615,1.388,10500
616,1.411,10500
617,1.419,10500
618,1.387,10500
619,1.373,10500
620,1.375,10500
621,1.370,10500
622,1.401,10500
623,1.377,10500
624,1.389,10500
625,1.360,10500
626,1.403,10500
627,1.432,10500
628,1.356,10500
629,1.376,10500
630,2.053,10500
631,1.398,10500
632,1.381,10500
633,1.402,10500
634,1.362,10500
635,1.362,10500
636,1.371,10500
637,1.385,10500
638,1.388,10500
639,1.389,10500
640,1.369,10500
641,1.382,10500
642,1.402,10500
643,1.366,10500
644,1.387,10500
645,1.336,10500
646,1.388,10500
647,1.428,10500
648,1.359,10500
649,1.347,10500
650,1.407,10500
651,1.379,10500
652,1.401,10500
653,1.386,10500
654,1.358,10500
655,1.370,10500
656,1.387,10500
657,1.383,10500
658,1.387,10500
659,1.361,10500
660,1.365,10500
661,1.364,10500
662,1.421,10500
663,1.400,10500
664,1.347,10500
665,1.349,10500
666,2.090,10500
667,1.373,10500
668,1.410,10500
669,1.367,10500
670,1.333,10500
671,1.411,10500
672,1.362,10500
673,1.396,10500
674,1.364,10500
675,1.382,10500
676,1.365,10500
677,1.397,10500
678,1.366,10500
679,1.419,10500
680,1.376,10500
681,1.332,10500
682,1.418,10500
683,1.375,10500
684,1.381,10500
685,1.380,10500
686,1.360,10500
687,1.380,10500
688,1.391,10500
689,1.341,10500
690,1.379,10500
691,1.354,10500
692,1.397,10500
693,1.417,10500
694,1.384,10500
695,1.380,10500
696,1.402,10500
697,1.436,10500
698,1.410,10500
699,1.384,10500
700,1.363,10500
701,1.378,10500
702,1.412,10500
703,1.424,10500
704,1.365,10500
705,1.373,10500
706,1.393,10500
707,1.373,10500
708,1.399,10500
709,1.392,10500
710,1.372,10500
711,1.366,10500
712,1.391,10500
713,1.341,10500
714,1.375,10500
715,1.394,10500
716,1.357,10500
717,1.439,10500
718,1.389,10500
719,1.382,10500
720,1.362,10500
721,1.371,10500
722,1.364,10500
723,1.386,10500
724,1.395,10500
725,1.403,10500
726,1.359,10500
727,1.384,10500
728,1.419,10500
729,1.386,10500
730,1.372,10500
731,1.367,10500
732,1.391,10500
733,1.383,10500
734,1.411,10500
735,1.379,10500
736,1.390,10500
737,1.404,10500
738,1.386,10500
739,1.389,10500
740,1.377,10500
741,1.365,10500
742,1.407,10500
743,1.398,10500
744,1.365,10500
745,1.362,10500
746,1.341,10500
747,1.351,10500
748,1.383,10500
749,1.385,10500
750,1.411,10500
751,1.333,10500
752,1.368,10500
753,1.375,10500
754,1.375,10500
755,1.393,10500
756,1.349,10500
757,1.380,10500
758,1.367,10500
759,1.387,10500
760,1.408,10500
761,1.348,10500
762,1.338,10500
763,1.386,10500
764,1.405,10500
765,1.373,10500
766,1.365,10500
767,1.416,10500
768,1.352,10500
769,1.407,10500
770,1.426,10500
771,1.378,10500
772,1.347,10500
773,1.366,10500
774,1.402,10500
775,1.383,10500
776,1.395,10500
777,1.405,10500
778,1.362,10500
779,1.369,10500
780,1.375,10500
781,1.414,10500
782,1.397,10500
783,1.367,10500
784,1.426,10500
785,1.380,10500
786,1.369,10500
787,1.375,10500
788,1.421,10500
789,1.380,10500
790,1.385,10500
791,1.441,10500
792,1.384,10500
793,1.354,10500
794,1.365,10500
795,1.363,10500
796,1.384,10500
797,1.387,10500
798,1.410,10500
799,1.348,10500
800,1.413,10500
801,1.438,10500
802,1.402,10500
803,1.366,10500
804,1.342,10500
805,1.379,10500
806,1.429,10500
807,1.354,10500
808,1.390,10500
809,1.363,10500
810,1.429,10500
811,1.398,10500
812,1.427,10500
813,1.364,10500
814,1.358,10500
815,1.364,10500
816,1.389,10500
817,1.382,10500
818,1.411,10500
819,1.389,10500
820,1.419,10500
821,1.399,10500
822,1.391,10500
823,1.369,10500
824,1.339,10500
825,1.410,10500
826,1.374,10500
827,1.449,10500
828,1.371,10500
829,1.372,10500
830,1.356,10500
831,1.393,10500
832,1.404,10500
833,1.358,10500
834,1.389,10500
835,1.375,10500
836,1.410,10500
837,1.389,10500
838,1.370,10500
839,1.377,10500
840,1.410,10500
841,1.384,10500
842,1.399,10500
843,1.409,10500
844,1.363,10500
845,1.406,10500
846,1.376,10500
847,1.397,10500
848,1.419,10500
849,1.393,10500
850,1.433,10500
851,1.382,10500
852,1.386,10500
853,1.400,10500
854,1.371,10500
855,1.394,10500
856,1.333,10500
857,1.387,10500
858,1.410,10500
859,1.398,10500
860,1.407,10500
861,1.408,10500
862,1.410,10500
863,1.370,10500
864,1.425,10500
865,1.355,10500
866,1.375,10500
867,1.403,10500
868,1.389,10500
869,1.397,10500
870,1.404,10500
871,1.352,10500
872,1.343,10500
873,1.370,10500
874,1.395,10500
875,1.360,10500
876,1.365,10500
877,1.373,10500
878,1.386,10500
879,1.375,10500
880,1.393,10500
881,1.394,10500
882,1.386,10500
883,1.416,10500
884,1.399,10500
885,1.367,10500
886,1.370,10500
887,1.399,10500
888,1.381,10500
889,1.432,10500
890,1.427,10500
891,1.383,10500
892,1.373,10500
893,1.361,10500
894,1.405,10500
895,1.456,10500
896,1.364,10500
897,1.399,10500
898,1.361,10500
899,1.390,10500
900,1.405,10500
901,1.372,10500
902,1.360,10500
903,1.362,10500
904,1.410,10500
905,1.362,10500
906,1.419,10500
907,1.379,10500
908,1.357,10500
909,1.329,10500
910,1.373,10500
911,1.419,10500
912,1.413,10500
913,1.401,10500
914,1.379,10500
915,1.355,10500
916,1.392,10500
917,1.405,10500
918,1.396,10500
919,1.378,10500
920,1.368,10500
921,1.402,10500
922,1.371,10500
923,1.363,10500
924,1.396,10500
925,1.358,10500
926,1.395,10500
927,1.408,10500
928,1.363,10500
929,1.427,10500
930,1.380,10500
931,1.416,10500
932,1.464,10500
933,1.390,10500
934,1.431,10500
935,1.385,10500
936,1.400,10500
