0,0.160,2100
1,0.163,2000
2,0.167,2000
3,0.175,2000
4,0.253,23600
5,0.268,21000
6,0.277,14700
7,0.257,14700
8,0.281,14700
9,0.244,15700
10,0.264,14000
11,0.287,14800
12,0.262,13000
13,0.282,16000
14,0.301,16800
15,0.314,15700
16,0.294,12800
17,0.308,12800
18,0.317,13400
19,0.294,12900
20,0.302,11500
21,0.300,12100
22,0.328,11800
23,0.274,11900
24,0.293,12100
25,0.284,11600
26,0.277,11300
27,0.281,11300
28,0.285,11300
29,0.291,11300
30,0.269,11300
31,0.283,11300
0,0.314,286578
1,0.041,286578
2,0.047,286578
3,0.040,286578
4,0.041,286578
5,0.071,286578
6,0.037,286578
7,0.048,286578
8,0.046,286578
9,0.044,286578
10,0.038,286578
0,0.213,286578
1,0.055,286578
2,0.050,286578
3,0.043,286578
4,0.049,286578
5,0.043,286578
6,0.046,286578
7,0.072,286578
8,0.054,286578
9,0.069,286578
10,0.049,286578
11,0.052,286578
12,0.066,286578
13,0.064,286578
14,0.072,297540
15,0.057,310590
16,0.072,313200
17,0.056,313200
18,0.061,313722
19,0.059,313722
20,0.055,313722
21,0.075,313722
22,0.070,313722
23,0.046,314244
24,0.048,314244
25,0.081,314244
26,0.051,343998
27,0.053,344520
28,0.078,344520
29,0.074,344520
30,0.071,344520
31,0.060,344520
32,0.066,344520
33,0.052,344520
34,0.051,344520
35,0.045,344520
36,0.054,344520
37,0.070,344520
38,0.067,345042
39,0.061,345042
40,0.048,345042
41,0.052,345042
42,0.081,345042
43,0.060,345042
44,0.077,346226
45,0.092,346226
46,0.064,346226
47,0.063,346226
48,0.076,346226
49,0.064,346226
50,0.055,346226
51,0.060,346226
52,0.062,346226
53,0.059,346226
54,0.093,346226
55,0.066,346226
56,0.049,346226
57,0.060,346226
58,0.050,346226
59,0.054,346226
60,0.052,346226
61,0.093,346226
62,0.038,346226
63,0.051,346226
64,0.051,346226
65,0.058,346226
66,0.054,346226
67,0.039,346226
68,0.050,346226
69,0.063,346226
70,0.057,346226
71,0.050,346226
72,0.044,346226
73,0.054,346226
74,0.062,346226
75,0.045,346226
76,0.059,346226
77,0.066,346226
78,0.073,346226
79,0.052,346226
80,0.068,346226
81,0.048,346226
82,0.044,346226
83,0.051,346226
84,0.062,346226
85,0.065,346226
86,0.060,346226
87,0.070,346226
88,0.059,346226
89,0.072,346226
90,0.061,346226
91,0.071,346226
92,0.041,346226
93,0.088,346226
94,0.060,346226
95,0.113,346226
96,0.121,346226
97,0.104,346226
98,0.109,346226
99,0.050,346226
100,0.051,346226
101,0.053,346226
102,0.102,346226
103,0.073,346226
104,0.059,346226
105,0.050,346226
106,0.054,346226
107,0.054,346226
108,0.058,346226
109,0.046,346226
110,0.060,346226
111,0.074,346226
112,0.078,346226
0,0.167,346226
1,0.054,346226
2,0.058,346226
3,0.050,346226
4,0.059,346226
5,0.059,346226
6,0.060,346226
7,0.049,346226
8,0.047,346226
9,0.054,346226
10,0.055,346226
11,0.064,346226
12,0.065,346226
0,1.332,2500
1,0.229,2100
2,0.613,2100
3,0.866,2100
4,0.632,2100
5,0.824,2100
6,1.019,16100
7,0.288,22300
8,0.270,15800
9,0.268,13400
10,0.258,12900
11,0.279,12900
12,0.288,12900
13,0.314,14300
14,0.288,14000
15,0.263,12600
16,0.309,14500
17,0.229,13300
18,0.226,12400
19,0.244,12400
20,0.244,12400
21,0.240,12400
22,0.238,12400
23,0.241,12400
24,0.134,12400
0,0.156,2100
1,0.191,2000
2,0.201,2000
3,0.190,2000
4,0.195,2000
5,0.205,2000
6,0.208,2000
7,0.204,2000
8,0.250,13300
9,2.602,452600
0,0.402,38300
1,0.276,14200
2,0.277,14200
3,0.275,14200
4,0.277,14200
5,0.285,14200
6,0.287,14200
7,0.291,14200
8,0.297,14200
9,0.293,14300
10,0.297,14300
11,0.314,14200
12,0.312,14300
13,0.306,14200
14,0.307,14300
15,0.300,13700
16,0.300,13400
17,0.307,13200
18,0.308,13800
19,0.296,13600
20,0.371,18500
21,0.326,14400
22,0.315,15300
23,0.295,13400
24,0.302,12200
25,0.301,11900
26,0.288,12200
27,0.303,12100
28,0.318,11800
29,0.321,11200
30,0.312,11600
31,0.316,12500
32,0.443,26800
33,0.359,15700
0,0.685,70800
1,0.314,16800
2,0.319,16800
3,0.329,16800
4,0.313,16800
5,0.306,16800
6,0.315,16800
7,0.320,16800
8,0.330,16800
0,0.675,70800
1,0.403,16800
2,0.391,16800
3,0.411,16800
4,0.418,16800
5,0.432,16800
6,0.486,16800
7,0.434,16900
8,0.436,17100
9,0.448,16800
10,0.464,16300
11,0.434,15800
12,0.436,15500
13,0.454,16500
14,0.428,15400
15,0.419,14500
16,0.425,13800
17,0.440,13700
18,0.424,13700
19,0.429,13700
0,0.657,58600
1,0.400,15800
2,0.400,15800
3,0.412,15800
4,0.437,15800
5,0.419,15800
6,0.429,15800
7,0.425,15800
8,0.416,15800
9,0.401,15800
0,0.639,234400
1,0.411,63200
2,0.417,63200
3,0.437,63200
0,0.786,234400
1,0.702,234400
2,0.655,234400
3,0.703,234400
4,0.701,234400
5,1.073,234400
6,0.717,234400
7,0.709,234400
8,0.721,234400
9,1.113,234400
10,0.705,234400
11,0.705,234400
12,0.724,234400
13,1.127,234400
0,0.662,234400
0,0.658,234400
1,1.824,234400
0,0.649,234400
1,0.684,234400
2,0.691,234400
0,0.673,234400
1,0.409,63200
2,0.422,63200
3,0.430,63200
4,0.459,63200
5,0.420,63200
6,0.439,63200
7,0.416,63200
8,0.413,63200
9,0.411,63200
10,0.424,63200
11,0.404,63200
12,0.441,63200
13,0.448,63200
14,0.459,63200
15,0.522,63200
16,0.485,63200
17,0.490,63600
18,0.464,63200
19,0.465,59600
20,0.471,60800
21,0.465,57600
22,0.468,56000
23,0.503,54800
24,0.488,66000
25,0.469,62000
26,0.508,65200
27,0.509,65200
28,0.500,66400
29,0.499,67600
30,0.519,66000
31,0.482,63600
32,0.533,68000
33,0.535,77200
34,0.696,186400
35,0.684,182000
36,0.568,101600
37,0.583,92000
38,0.542,94400
39,0.564,98400
40,0.566,96000
41,0.523,96400
42,0.525,95600
43,0.508,90800
44,0.543,90800
45,0.534,90800
46,0.519,90800
47,0.491,90800
0,0.335,98400
0,0.373,10000
1,0.386,8800
2,0.386,8800
3,0.416,8800
4,0.365,8800
0,0.630,8400
1,0.444,8000
2,0.470,8000
3,0.441,8000
4,0.979,8000
5,0.437,8000
6,0.484,8000
7,0.462,8000
8,0.473,8000
9,0.462,8000
10,0.495,8000
11,0.462,8000
12,0.605,43200
13,0.610,34000
14,0.599,34000
15,0.774,83200
16,0.756,76800
17,0.694,57200
18,0.713,51200
19,0.624,40800
20,0.702,40000
21,0.677,38000
22,0.667,40400
23,0.637,38000
24,0.669,40800
25,0.767,51600
0,2.250,249018
1,0.156,249018
2,0.118,249018
3,0.083,249018
4,0.151,251174
5,0.116,251174
6,0.119,251174
7,0.146,251174
8,0.100,251174
9,0.152,259259
10,0.097,259259
11,0.113,259259
12,0.136,259798
13,0.147,261415
14,0.123,266266
15,0.124,273812
16,0.086,279741
17,0.135,288904
18,0.095,291599
19,0.134,307230
20,0.153,307230
21,0.135,307230
22,0.171,307230
23,0.108,318549
24,0.116,324478
25,0.121,331485
26,0.134,336960
27,0.135,342360
28,0.122,348300
0,0.367,10000
1,0.528,8400
2,0.422,8400
3,0.483,8400
4,0.434,8400
5,0.633,91200
6,0.666,81200
7,0.697,59200
8,0.668,63600
9,0.612,59600
10,0.684,50400
11,0.778,101200
12,0.823,104800
13,0.707,82800
14,0.672,71600
15,0.753,63200
16,0.626,59600
17,0.662,59600
18,0.738,58800
19,0.707,58800
20,0.693,58800
21,0.707,60000
22,0.679,56800
23,0.665,54800
24,0.841,66000
25,0.768,60400
26,0.763,48800
27,0.708,51200
28,0.645,45200
29,0.693,50800
30,0.651,46400
31,0.674,45600
0,0.801,166400
1,0.539,60400
2,0.581,60400
3,0.618,60400
4,1.160,60400
5,0.534,60400
6,0.499,60400
7,0.532,60400
8,0.540,60400
9,0.597,60400
10,0.567,60400
0,0.782,136300
1,0.580,33600
2,0.587,33600
3,0.576,33600
4,0.532,33600
5,0.509,33600
6,0.527,33600
7,0.605,33600
8,0.558,33600
9,0.629,33600
10,0.538,33600
11,0.583,33600
12,0.594,33600
13,0.616,33600
0,0.268,138260
1,0.054,138260
2,0.046,138260
3,0.097,138260
4,0.062,138260
5,0.093,138570
6,0.056,155601
7,0.097,165648
8,0.080,168861
9,0.072,168861
10,0.041,168861
11,0.046,168861
12,0.048,168861
13,0.052,168861
0,0.453,102400
1,0.437,58000
2,0.479,58000
3,0.404,58000
4,0.435,58000
5,0.431,58000
6,0.404,58000
7,0.403,58000
8,0.407,58000
9,0.425,58000
10,0.416,58000
11,0.421,58000
12,0.446,58000
13,0.436,58000
14,0.451,58000
15,0.439,58000
16,0.453,58000
17,0.441,58000
18,0.438,58000
19,0.433,58000
20,1.009,58000
21,0.452,58000
22,0.451,58000
23,0.430,58000
24,0.435,58000
25,0.435,58000
26,0.448,58000
27,0.453,58000
28,0.470,58000
29,0.463,58000
30,0.466,58000
31,0.466,58000
32,0.470,58000
33,0.501,58000
34,0.468,58000
35,0.462,58000
36,0.447,58000
37,1.043,58000
38,0.475,58000
39,0.466,58000
40,0.450,58000
41,0.451,58000
42,0.461,58000
43,0.449,58000
44,0.468,58000
45,0.467,58000
46,0.465,58000
47,0.467,58000
48,0.479,58000
49,0.208,58000
50,0.210,58000
51,0.205,58000
52,0.208,58000
53,0.208,58000
54,0.203,58000
55,0.199,58000
56,0.206,58000
57,0.209,58000
