
0,0.501,81260
1,0.510,81260
2,0.533,81260
3,0.543,81260
4,0.558,81260
5,0.568,81260
6,1.136,115260
7,1.182,115260
8,1.808,152000
9,1.838,152000
10,2.009,152380
11,2.027,152380
12,2.049,155588
13,2.067,155588
14,2.153,155588
15,2.174,155588
16,2.386,160400
17,2.413,160400
18,2.418,160400
19,2.446,160400
20,2.462,160400
21,2.483,160400
22,2.552,160400
23,2.575,160400
24,2.478,160400
25,2.499,160400
0,5.342,314323
1,5.365,314323
2,5.608,314323
3,5.643,314323
4,5.712,314323
5,5.740,314323
6,5.542,314323
7,5.570,314323
8,5.607,314323
9,5.635,314323
10,5.489,314323
11,5.517,314323
12,5.732,314323
13,5.762,314323
14,5.609,314323
15,5.639,314323
16,5.707,314323
17,5.736,314323
18,5.700,314323
19,5.730,314323
20,5.632,314323
21,5.656,314323
